4933
4932
4931
4930
4929
4928
4927
4926
4925
4924
4844
4843
4808
4807
4763
4657
4569
4522
4403
4402
4401
4400
4328
4322
4321
4276
4179
4178
4177
4172
4170
4169
4168
4167
4162
4161
4160
4159
4157
4156
4155
4154
4153
4146
2936
2740
2608
2426
2425
2334
2251
2200
2194
2129
1950
1814
1812
1811
1810
1808
1807
1806
1805
1804
1803
1802
1801
1799
1798
1797
1796
1795
1794
1793
1791
1790
1789
1788
1787
1786
1785
1784
1783
1782
1781
1779
1173
4346
4225
1929
1924
1734
1732
1728
1726
1725
1713
1702
1700
1698
1697
1692
1691
1681
1680
1679
1678
1677
1676
1674
1673
1667
1652
1644
1642
1627
1621
1619
1616
1614
1607
1600
1595
1587
1572
1567
1566
1562
1561
1560
1559
1558
1557
1556
1555
1554
1553
1552
1551
1550
1549
1548
1547
1546
1545
1544
1543
1542
1541
1540
1539
1538
1537
1536
1535
1534
1533
1532
1531
1530
1529
1528
1527
1526
1525
1524
1523
1522
1521
1520
1519
1518
1517
1516
1515
1514
1513
1512
1511
1510
1509
1508
1507
1506
1505
1503
1502
1501
1500
1499
1495
1494
1493
1492
1491
1490
1489
1488
1487
1486
1485
1484
1483
1482
1481
1480
1477
1476
1475
1472
1471
1470
1469
1468
1467
1466
1465
1464
1463
1462
1461
1460
1459
1458
1457
1456
1455
1454
1453
1451
1450
1449
1448
1447
1446
1445
1444
1443
1442
1440
1438
1435
1433
1432
1431
1430
1429
1428
1426
1424
1423
1422
1421
1420
1419
1418
1417
1416
1415
1414
1413
1411
1407
1406
1405
1404
1403
1396
1349
1346
1344
1343
1342
1341
1340
1339
1338
1337
1336
1333
1332
1331
1330
1299
1293
1292
1291
1290
1288
1287
1286
1285
1284
1283
1282
1281
1280
1279
1278
1276
1275
1274
1272
1271
1270
1269
1268
1267
1266
1265
1264
1263
1975
1741
1740
1739
1738
1737
1736
1735
1733
1731
1730
1729
1727
1724
1723
1722
1721
1720
1719
1718
1717
1716
1715
1714
1712
1711
1710
1709
1708
1707
1706
1705
1704
1703
1701
1699
1696
1695
1694
1693
1690
1689
1688
1687
1686
1685
1684
1683
1682
1675
1672
1671
1670
1669
1668
1666
1647
1646
1645
1643
1641
1640
1639
1638
1637
1636
1635
1634
1633
1632
1631
1630
1629
1628
1626
1625
1624
1623
1622
1620
1618
1617
1615
1613
1612
1611
1610
1609
1608
1606
1605
1604
1603
1602
1601
1599
1598
1597
1596
1594
1593
1592
1591
1590
1589
1588
1586
1585
1584
1583
1582
1581
1580
1579
1578
1577
1576
1575
1574
1573
1571
1570
1569
1568
1565
1564
1563
1504
1498
1497
1496
1479
1478
1474
1473
1452
1439
1437
1436
1434
1427
1425
1412
1394
1367
1289
1277
4941
4940
4870
4235
4140
4139
4138
4137
4136
4135
4134
4133
4132
2953
2471
2001
2000
1977
1976
1923
1922
1921
1920
1919
1918
1917
1916
1915
1914
1913
1912
1911
1910
1909
1908
1907
1906
1905
1904
1903
1902
1900
1899
1898
1897
1896
1895
1894
1893
1892
1891
1890
1889
1888
1887
1886
1885
1884
1883
1665
1664
1663
1662
1661
1660
1659
1658
1657
1656
1655
1654
1653
1651
1650
1649
1648
1327
1326
1325
1262
1261
1260
1251
1250
4358
4357
4347
4333
4234
4233
4226
4224
1980
1932
1928
1927
1926
1441
1410
1409
1408
1402
1401
1400
1399
1398
1397
1395
1393
1392
1391
1390
1389
1388
1387
1386
1385
1384
1383
1382
1381
1380
1379
1378
1377
1376
1375
1374
1373
1372
1371
1370
1369
1368
1366
1365
1364
1363
1362
1361
1360
1359
1358
1357
1356
1355
1354
1353
1352
1351
1350
1348
1347
1345
1335
1334
1329
1328
1324
1323
1322
1321
1320
1319
1317
1316
1315
1314
1313
1312
1311
1310
1309
1308
1307
1305
1304
1303
1302
1301
1300
1298
1297
1296
1295
1294
1259
1258
1257
1256
1255
1254
1253
1252